Matrice:
[[41  4 27 45]
 [44 14 17  5]
 [45 28 36  1]
 [49 30  4 22]]
Sotto-matrice centrale:
[[14 17]
 [28 36]]
Trasposta:
[[41 44 45 49]
 [ 4 14 28 30]
 [27 17 36  4]
 [45  5  1 22]]
Somma: 412
Moltiplicazione element-wise:
[[ 410   40  216 1620]
 [1276  546  238   45]
 [1530  812    0   14]
 [ 245  510  188  220]]
Media: 25.75
Determinante: 1075459.9999999986
Matrice:
[[23  5 16 14 17]
 [ 4 16 48 17 45]
 [ 8 47  2 42 17]
 [ 0 42 36 46 37]
 [ 8  9 24  0 27]
 [47  6 30 47 38]
 [12  3 20  1 15]]
Sotto-matrice centrale:
[[47  2 42]
 [42 36 46]
 [ 9 24  0]]
Somma: 769
Moltiplicazione element-wise:
[[1127   55  720  546   51]
 [ 156  176 2064   68 1080]
 [   8 2256   72  630  765]
 [   0   84 1584  230   37]
 [ 304  342  936    0 1323]
 [1504   96  300 1786 1026]
 [ 288   72  160   32  180]]
Media: 21.97142857142857
